# space step
dh = .2000000000
# time step
dt = .0040000000
iters_rtime = 37500
iters_rtime_skip = 100
# space points
Nx = 100
Ny = 100
Nz = 20
# box size
xmax = 9.9000000000
# for plotting
density_max = 7.8416932585
flux_max = 6.8343140478
