# space step
dh = .2000000000
# time step
dt = .0040000000
iters_rtime = 37500
iters_rtime_skip = 100
# space points
Nx = 50
Ny = 50
Nz = 50
# box size
xmax = 4.9000000000
# for plotting
density_max = 4.2563623531
flux_max = 4.5913442732
